000020
000030
000050
000060
000070
000080
000100
000120
000140
000150
000210
000220
000230
000240
000250
000270
000300
000320
000390
000400
000430
000440
000480
000490
0004Y0
000500
000520
000540
000590
000610
000640
000650
000660
000670
000680
000700
000720
000760
000810
000830
000850
000860
000880
0008Z0
000910
000950
000970
000990
001040
001060
001070
001080
0010V0
001120
001130
001140
001200
001230
001260
001270
001300
001340
001360
001390
001420
001430
001440
001450
001460
001500
001530
001540
001550
001560
001630
001680
001720
001740
001750
001770
001780
001790
001800
001810
001820
001840
001880
001940
002000
002020
002030
002100
002150
002170
002220
002230
002240
002250
002270
002290
002300
002310
002320
002350
002380
002390
002410
002420
002460
002550
002600
002620
002710
002720
002790
002800
002810
002820
002840
002900
002920
002960
002990
003000
003010
003030
003070
003080
003090
003100
003120
003160
003200
003220
003230
003240
003280
003300
003350
003380
003450
003460
003470
003480
003490
003530
003540
003550
003560
003570
003580
003600
003620
003640
003650
003670
003680
003690
003780
0037T0
003800
003830
003850
003920
003940
003960
004000
004010
004020
004080
004090
004130
004140
004150
004170
0041B0
0041J0
0041L0
004200
004250
004310
004360
004370
004380
004430
004440
004450
004490
0044K0
004540
004560
004620
004650
004690
004700
004710
004720
004780
004800
004830
004840
004890
004910
004940
004960
004970
004980
004990
005070
005090
005160
005180
005190
005250
005270
005280
005290
005300
005360
005380
005420
005430
005440
005490
005500
005560
005610
005620
005680
005690
005710
005720
005740
005750
005800
005810
005820
005830
005850
005870
005930
005940
005950
005960
005990
006040
006090
006110
006120
006140
006220
006260
006280
006350
006360
006370
006380
006390
006400
006570
006620
006650
006660
006730
006800
006840
006880
006890
006910
006920
006980
007070
007160
007190
0071M0
0072Z0
007310
007330
007340
007370
007540
007570
007590
007610
007660
007680
007690
007700
007770
007810
007820
007860
008000
008020
008060
008110
008250
008260
008370
008420
008470
008490
008500
008720
008730
008770
008830
008870
008900
008930
008970
009070
009140
009150
009160
009190
009200
009240
009290
009300
009310
009380
009410
009420
009450
009470
009520
009540
009580
009620
009680
009720
009770
009830
009900
009970
010040
010060
010100
010120
010130
010140
010240
010400
010460
010470
010520
010620
010660
010690
010770
010780
010820
010950
010960
011000
011040
011070
011150
011160
011170
011200
011210
011230
011320
011390
011500
011560
011690
011760
011780
011790
011810
012170
012200
012320
012330
012450
012510
012610
012620
012630
012650
012700
012750
012790
013000
013030
013310
013450
013570
013580
013810
013870
013990
014100
014130
014200
014280
014300
014440
014530
014570
014580
014620
014680
014710
014790
014820
014830
014970
015350
015360
015710
015750
015760
015860
015890
015940
016100
016140
016170
016250
016360
016380
016420
016450
016510
016570
016580
016590
016610
016670
016710
016740
016800
017000
017040
017180
017370
017390
017480
017510
017650
017670
017800
017810
017860
017890
017900
017940
017960
018120
018250
018260
018290
018310
018670
018680
018880
019170
019210
019440
019540
019680
019770
019990
020000
020120
020150
020400
020560
020710
021240
021320
021650
021820
021960
022100
022520
023000
023020
023150
023160
023350
023410
023440
023450
023530
023590
023600
023770
023800
023810
023890
023900
023910
024060
024070
024090
024110
024120
024660
024800
024830
024880
024950
025000
025320
025530
025540
025550
025560
025620
025770
025850
025860
025870
025880
025900
025950
026040
026150
026870
026890
026910
026940
026960
027390
027410
027840
028050
028080
028100
028150
028260
028670
029460
029480
029530
029780
029960
030000
030190
030200
030210
030520
030530
030610
030720
030960
031210
031390
031430
031440
031980
031990
032080
032190
032280
032300
032350
032500
032540
032560
032620
032640
032750
032830
032850
032860
032940
032960
033100
033130
033160
033180
033200
033230
033240
033270
033320
033500
033530
033540
033560
033630
033640
033660
033780
033920
034020
034120
034220
034230
034300
034310
034590
034730
034810
034950
035000
035080
035200
035210
035250
035420
035460
035510
035600
035610
035720
035760
035810
035900
036000
036010
036030
036190
036220
036420
036460
036480
036490
036530
036540
036550
036560
036570
036580
036630
036640
036670
036690
036800
036810
036830
036850
036890
036930
037070
037150
037330
037350
037370
037440
037460
037560
037620
037710
038010
038070
038290
038390
038460
038500
038870
038950
039010
039020
039030
039130
039200
039290
039310
039340
039420
039490
039560
039570
039610
039740
039830
039840
039860
040160
040300
040420
040910
041140
041440
041460
041510
041520
041590
041650
041830
041910
041930
041960
042000
042370
042420
042510
042520
042600
042660
042670
042940
043100
043150
043360
043370
043610
043650
043890
044340
044450
044490
044640
044820
044960
044990
045060
045100
045340
045390
045520
045660
045710
045820
045970
046070
046110
046120
046140
046210
046440
046890
046970
047040
047050
047080
047310
047560
047770
047810
047820
047920
048260
048430
048470
048530
048910
049070
049430
049550
049770
049830
049950
049960
050120
050760
050860
050890
050960
051360
051370
051390
051490
051500
051600
051820
051900
051910
052220
052260
052300
052330
052400
052420
052600
052690
052710
052790
052860
053000
053030
053080
053160
053210
053260
053280
053290
053300
053350
053440
053450
053580
053610
053620
053690
053700
053740
053800
053810
053980
054040
054050
054180
054210
054410
054450
054540
054620
054630
054670
054780
054800
054920
054930
054950
055490
055550
056080
056190
056200
056360
056700
057030
057050
057500
057880
058110
058430
058470
058530
058610
058630
058650
058730
058850
058860
058970
059090
059100
059120
059210
059270
060150
060240
060280
060310
060370
060480
060570
060590
060720
060850
060980
061040
062040
062860
062970
063080
063160
063170
063570
064090
064240
064260
064290
064350
064400
064420
064480
064520
064550
064760
064820
064850
064960
065130
065350
065370
065450
065510
065650
065660
065680
065710
065950
066130
066270
066310
066410
066570
066620
066670
066700
066900
066930
066970
066980
067080
067160
067170
067280
067290
067310
067370
067570
067730
067770
067830
067900
067920
067990
068050
068060
068100
068240
068270
068290
068400
068760
068790
068870
068930
069080
069140
069260
069330
069410
069510
069620
069730
069960
070300
070960
071050
071090
071200
071280
071320
071670
071840
071850
071950
071970
072020
072130
072470
072710
072870
072950
072990
073110
073190
073240
073490
073560
074600
075130
075180
075580
075970
077280
077360
077970
078000
078020
078070
078140
078160
078340
078350
078520
078600
078890
078930
079000
079160
079170
079430
079440
079550
079660
079810
079900
079940
079960
079980
080000
080010
080160
080220
080420
080470
080520
080530
080720
081000
081150
081180
081220
081580
081660
081970
082210
082270
082640
082740
082800
082920
082930
083310
083420
083500
083550
083650
083790
083930
084010
084110
084180
084370
084670
084690
084730
084850
084990
085370
085620
085660
085910
086040
086060
086280
086390
086450
086670
086710
086790
086820
086890
086900
087010
087260
087600
088130
088280
088340
088390
088790
088800
088910
089010
089030
089140
089150
089470
089590
089600
089790
089850
089860
089970
089980
090090
090350
090360
090370
090430
090460
090470
090730
090850
091120
091340
091580
091590
091700
091810
091990
092040
092070
092130
092190
092230
092300
092440
092460
092730
092780
092790
092870
093050
093190
093320
093370
093380
093640
093920
094170
094280
094480
094820
094840
094850
094940
094970
095190
095270
095340
095500
095570
095610
095660
095700
095720
095910
096240
096250
096530
096610
096690
096760
096770
096870
097230
097520
097870
097950
098070
098120
098660
099190
099320
099390
099410
099430
099520
099750
100030
100090
100120
100130
100220
100250
100590
100660
100700
100790
100840
101060
101140
101160
101170
101240
101490
101530
101680
101730
101930
102120
102260
102280
102370
102460
102710
102940
103140
103150
103230
103590
103840
104200
104460
104480
104540
104620
104700
104830
105330
105550
105560
105630
105740
105760
105840
106080
106190
107590
107600
108070
108230
108320
108380
108490
108670
108790
108860
109080
109610
109670
109820
109860
110020
110790
110990
111110
111380
111610
111710
111770
111870
112040
112290
112610
114090
114190
114410
114450
114810
114840
115180
115310
115390
115440
115500
115570
115960
117580
117670
117730
118990
119500
119610
119830
119850
119860
120030
120110
120240
121440
121600
121800
121890
121910
121950
122290
122310
122350
122450
122640
122690
122750
122870
122900
122990
123040
123100
123160
123290
123300
123330
123410
123420
123550
123570
123690
123700
123750
123860
123890
123910
124050
124500
124560
125020
125210
125490
126340
126560
126600
126700
126720
126730
126880
127120
127980
128660
128820
128910
128940
129920
130500
130580
130660
130740
130960
131030
131090
131100
131220
131290
131370
131390
131400
131970
133750
134060
134380
134580
134790
136150
136410
136480
136490
136540
137080
137310
137400
137950
138040
138070
138080
138250
138490
138580
138610
138930
139050
139130
139480
139670
139990
140410
140430
140520
140670
140860
141000
141080
142210
142280
142760
143160
143210
143240
144510
144960
145020
145170
145720
145990
146320
147760
148150
148250
148930
149950
149980
150840
150900
151860
152330
153460
153710
154030
155650
155660
156100
158380
158430
159010
159580
160190
160550
160980
161000
161390
161580
161890
162300
163280
163560
163730
164060
166090
166480
168330
168360
169330
170030
170790
170900
170920
171010
171090
171120
172670
173130
173940
174880
174900
175140
175250
175330
176750
177830
177900
178320
178780
178920
179290
179530
179900
180400
180640
181710
182360
182400
183190
183300
185490
185750
186230
187220
187270
187420
187870
188040
188260
189300
189690
189860
190510
190650
191410
191420
192080
192250
192390
192400
192440
192520
192530
192650
192820
194370
194480
194700
195500
195870
195940
196170
196300
197140
198080
198440
199430
199480
199550
199730
199800
199820
200130
200670
200710
200780
200880
201490
203400
203650
203690
204020
204270
204320
204440
204610
204620
204630
204650
204760
206400
206560
206640
206650
206660
207720
207930
207940
208350
208370
208710
208860
208870
209640
210540
210980
211270
212560
212710
213090
213420
213500
214150
214180
214260
214270
214320
214370
214390
214420
214430
214450
214610
215000
215090
215100
215200
215360
215380
215480
215580
215600
215750
216050
216080
217190
217270
217330
217620
217730
217810
217820
218150
218410
218710
219130
219580
219860
219960
220100
220180
220260
220630
221200
221800
221840
221950
221980
222040
222080
222110
222390
222800
222810
222980
223040
223250
223310
224060
224110
225190
225330
225440
225530
225570
225650
226320
226330
226360
226400
226590
226850
226950
227840
228340
228670
228760
228850
229000
229640
230240
230360
230490
232140
232270
232330
234030
234080
234300
234340
234690
234920
235010
235980
236200
236810
237690
237750
237820
237880
238090
238120
238200
238490
239340
239610
239890
240540
240550
240600
240810
241560
241590
241690
241710
241770
241790
241840
242040
243070
243840
244460
244920
246250
246710
246720
246960
247540
247660
248070
248170
249420
250000
250060
251120
251270
251370
251630
251970
252990
253450
253840
254490
255440
256150
256630
256840
256940
257370
257720
257730
258610
259630
259960
260660
260930
260970
261200
261780
262260
262830
262840
263020
263050
263600
263690
263700
263720
263750
263770
263800
263810
263860
263920
264290
264450
264660
264850
264900
265480
265520
265560
265740
265920
267250
267260
267270
267290
267790
267850
267980
268280
270870
271560
271740
271830
271940
271980
272110
272210
272290
272450
272550
273640
274090
274400
275630
276040
276730
276920
277070
277410
277480
277810
277880
278280
278470
278650
279410
279600
280360
281410
281820
282330
282690
282720
282880
284740
285130
285490
285800
286750
286940
287410
287840
288620
289010
289080
289220
289930
290090
290120
290270
290510
290520
290550
290560
290650
290670
290690
290720
290740
291210
291230
291810
293480
293490
293780
294090
294140
294570
294630
294870
295310
296640
297090
297890
298000
298020
298040
298050
298380
298540
298690
298830
298870
299030
299170
299660
300080
300120
300720
301300
302430
302440
302550
303360
303530
303810
304100
304360
304840
305090
306040
306200
306620
307070
307160
307180
307280
307750
307930
307950
308080
308100
308170
308430
309710
309930
309960
310210
310840
310870
311270
311320
311390
311690
312610
313750
313760
314130
314140
314930
315640
316140
317030
317120
317320
317330
317400
317450
317530
317690
317770
317830
317850
317870
318000
318010
318020
318060
318160
318410
319400
319660
320000
321260
321370
321550
321820
322000
322180
322310
322510
323210
323280
323350
323410
323940
323990
326030
327260
328130
329180
329560
330350
330730
330860
330990
331380
331740
331920
332370
332570
332710
333050
333430
333620
334970
335810
335870
335890
336060
336260
336370
336570
336680
337450
337930
338220
338840
339770
339950
340120
340350
340440
340450
340570
340810
340930
341160
342550
342870
343510
344050
344820
347000
347140
347700
347740
347770
347850
347860
347890
348030
348150
348210
348340
348350
348370
349720
351320
351330
351340
351870
352090
352480
352700
352770
352820
352910
352940
353060
353070
353200
353490
353590
353810
354200
354320
355150
355390
355690
356680
356860
356890
357230
357550
357580
357780
357880
358570
360070
360350
361390
361570
361610
361670
362320
362990
363250
363260
363280
364950
365270
365330
365340
365900
366030
366330
367000
367340
367360
367460
367480
368600
368770
368970
369370
370090
371950
372170
372290
372320
372800
372910
373110
373160
373170
373220
373340
375500
376180
376190
376270
376290
376300
376900
376930
376980
377030
377220
377300
377330
377400
377450
377460
377480
377630
377740
378340
378800
378850
380320
380440
380550
381620
381970
382150
382480
382800
382840
382900
383220
383310
383800
383930
384470
386580
387310
387570
388050
388220
388610
388720
388790
388800
388870
389020
389030
389140
389260
389470
389500
389650
391060
391710
393210
393360
393890
393970
394280
394800
396270
396300
396470
396770
397030
397500
397810
397880
398120
399720
400560
400840
402030
402340
402490
403490
403550
403870
404950
405000
405100
405350
405640
405920
406760
406820
407400
408900
408920
409570
411080
412350
412540
412930
413390
413600
413630
413640
415380
415580
416180
417010
417180
417200
417500
417790
417840
417860
417970
418170
418210
418250
418420
418470
418550
418620
419050
419080
419120
419270
419530
419540
420570
420770
421800
422040
424140
424870
424960
424980
425040
425290
425420
426550
426670
427950
429270
430220
430230
430460
430690
430700
431190
432430
432470
432720
432980
433530
434480
435380
435570
435620
435870
436530
436610
437730
437780
438220
438580
438700
439090
439250
439260
439410
439580
439730
440110
440200
440290
440320
440790
440820
441270
442130
442310
442770
442900
443060
443250
443670
444530
444920
445090
445180
445360
445680
445970
446070
446150
446190
446540
446750
446840
448280
448370
448710
448740
448760
448830
448900
449020
450050
450080
450140
450330
450410
450520
450940
450950
451220
451250
451700
451760
452160
452190
452200
452260
452280
452300
452400
452430
452450
452670
452980
453340
453450
453860
454640
454750
454910
455180
455250
455310
455900
455910
456010
456040
456070
456160
456440
456490
457190
457370
457390
457550
457600
457630
457940
458320
458610
458650
458870
459100
459510
460470
460850
460860
460870
460930
460940
461030
461300
462020
462310
462350
462510
462520
462860
462870
462980
463020
463480
464080
464280
464440
464500
464580
464680
465320
465480
465770
466100
466410
466910
467930
468510
468530
468760
469480
469880
469900
471050
471820
472220
472230
472850
473000
473050
473370
473950
473980
474170
474490
474610
474650
474660
474930
475150
475230
475240
475250
475400
475430
475460
475560
475580
475660
475830
475960
476040
476060
476080
476470
477340
477380
477470
477530
477760
478110
478390
478440
478560
478780
479880
479960
480370
481070
481890
482520
482630
482680
482690
483650
484120
484130
484590
484810
484870
486630
487360
487570
487720
487830
488060
488280
489210
489460
489480
489500
489730
489790
492220
493790
496070
498390
499790
900020
900060
900110
900140
950070
950100
950110
950130
950140
950160
950170
950180
950190
950200
950210